   1       0 ram0 0 0 0 0 0 0 0 0 0 0 0
   1       1 ram1 0 0 0 0 0 0 0 0 0 0 0
   1       2 ram2 0 0 0 0 0 0 0 0 0 0 0
   1       3 ram3 0 0 0 0 0 0 0 0 0 0 0
   1       4 ram4 0 0 0 0 0 0 0 0 0 0 0
   1       5 ram5 0 0 0 0 0 0 0 0 0 0 0
   1       6 ram6 0 0 0 0 0 0 0 0 0 0 0
   1       7 ram7 0 0 0 0 0 0 0 0 0 0 0
   1       8 ram8 0 0 0 0 0 0 0 0 0 0 0
   1       9 ram9 0 0 0 0 0 0 0 0 0 0 0
   1      10 ram10 0 0 0 0 0 0 0 0 0 0 0
   1      11 ram11 0 0 0 0 0 0 0 0 0 0 0
   1      12 ram12 0 0 0 0 0 0 0 0 0 0 0
   1      13 ram13 0 0 0 0 0 0 0 0 0 0 0
   1      14 ram14 0 0 0 0 0 0 0 0 0 0 0
   1      15 ram15 0 0 0 0 0 0 0 0 0 0 0
   7       0 loop0 0 0 0 0 0 0 0 0 0 0 0
   7       1 loop1 0 0 0 0 0 0 0 0 0 0 0
   7       2 loop2 0 0 0 0 0 0 0 0 0 0 0
   7       3 loop3 0 0 0 0 0 0 0 0 0 0 0
   7       4 loop4 0 0 0 0 0 0 0 0 0 0 0
   7       5 loop5 0 0 0 0 0 0 0 0 0 0 0
   7       6 loop6 0 0 0 0 0 0 0 0 0 0 0
   7       7 loop7 0 0 0 0 0 0 0 0 0 0 0
 179       0 mmcblk0 35902475 126796927 770430018 126948240 6076252 3315592 75737736 12903400 0 90930740 141222470
 179       1 mmcblk0p1 0 0 0 0 0 0 0 0 0 0 0
 179       2 mmcblk0p2 0 0 0 0 0 0 0 0 0 0 0
 179       4 mmcblk0p4 389 8191 13432 4730 3 5 8 0 0 2140 4730
 179       5 mmcblk0p5 0 0 0 0 0 0 0 0 0 0 0
 179       6 mmcblk0p6 22057514 98421123 416674856 62537800 0 0 0 0 0 52347780 63873460
 179       7 mmcblk0p7 13844568 28367613 353741698 64405710 6076249 3315587 75737728 12903400 0 41686860 77344280
 179      16 mmcblk0boot1 0 0 0 0 0 0 0 0 0 0 0
 179       8 mmcblk0boot0 0 0 0 0 0 0 0 0 0 0 0
  31       0 mtdblock0 0 0 0 0 0 0 0 0 0 0 0
  31       1 mtdblock1 0 0 0 0 0 0 0 0 0 0 0
  31       2 mtdblock2 0 0 0 0 0 0 0 0 0 0 0
  31       3 mtdblock3 0 0 0 0 0 0 0 0 0 0 0
  31       4 mtdblock4 0 0 0 0 0 0 0 0 0 0 0
  31       5 mtdblock5 40 0 5120 8510 1 1 16 30 0 4290 8540
 254       0 pramdisk0 0 0 0 0 0 0 0 0 0 0 0
 253       0 dm-0 8488 0 8608 322060 8 0 8 0 0 1740 322060
