
Semaphore Array semid=32768
uid=0	 gid=0	 cuid=0	 cgid=0
mode=0666, access_perms=0666
nsems = 128
otime = Thu Jan  1 00:01:20 1970  
ctime = Thu Jan  1 00:01:19 1970  
semnum     value      ncount     zcount     pid       
0          26         0          0          1626      
1          26         0          0          1626      
2          26         0          0          1626      
3          26         0          0          1626      
4          26         0          0          1626      
5          26         0          0          1626      
6          26         0          0          1626      
7          26         0          0          1626      
8          26         0          0          1633      
9          0          0          0          1626      
10         0          0          0          1626      
11         0          0          0          1626      
12         0          0          0          1626      
13         0          0          0          1626      
14         0          0          0          1626      
15         0          0          0          1626      
16         0          0          0          1626      
17         0          0          0          1626      
18         0          0          0          1626      
19         0          0          0          1626      
20         0          0          0          1626      
21         0          0          0          1626      
22         0          0          0          1626      
23         0          0          0          1626      
24         0          0          0          1626      
25         0          0          0          1626      
26         0          0          0          1626      
27         0          0          0          1626      
28         0          0          0          1626      
29         0          0          0          1626      
30         0          0          0          1626      
31         0          0          0          1626      
32         0          0          0          1626      
33         0          0          0          1626      
34         0          0          0          1626      
35         0          0          0          1626      
36         0          0          0          1626      
37         0          0          0          1626      
38         0          0          0          1626      
39         0          0          0          1626      
40         0          0          0          1626      
41         0          0          0          1626      
42         0          0          0          1626      
43         0          0          0          1626      
44         0          0          0          1626      
45         0          0          0          1626      
46         0          0          0          1626      
47         0          0          0          1626      
48         0          0          0          1626      
49         0          0          0          1626      
50         0          0          0          1626      
51         0          0          0          1626      
52         0          0          0          1626      
53         0          0          0          1626      
54         0          0          0          1626      
55         0          0          0          1626      
56         0          0          0          1626      
57         0          0          0          1626      
58         0          0          0          1626      
59         0          0          0          1626      
60         0          0          0          1626      
61         0          0          0          1626      
62         0          0          0          1626      
63         0          0          0          1626      
64         0          0          0          1626      
65         0          0          0          1626      
66         0          0          0          1626      
67         0          0          0          1626      
68         0          0          0          1626      
69         0          0          0          1626      
70         0          0          0          1626      
71         0          0          0          1626      
72         0          0          0          1626      
73         0          0          0          1626      
74         0          0          0          1626      
75         0          0          0          1626      
76         0          0          0          1626      
77         0          0          0          1626      
78         0          0          0          1626      
79         0          0          0          1626      
80         0          0          0          1626      
81         0          0          0          1626      
82         0          0          0          1626      
83         0          0          0          1626      
84         0          0          0          1626      
85         0          0          0          1626      
86         0          0          0          1626      
87         0          0          0          1626      
88         0          0          0          1626      
89         0          0          0          1626      
90         0          0          0          1626      
91         0          0          0          1626      
92         0          0          0          1626      
93         0          0          0          1626      
94         0          0          0          1626      
95         0          0          0          1626      
96         0          0          0          1626      
97         0          0          0          1626      
98         0          0          0          1626      
99         0          0          0          1626      
100        0          0          0          1626      
101        0          0          0          1626      
102        0          0          0          1626      
103        0          0          0          1626      
104        0          0          0          1626      
105        0          0          0          1626      
106        0          0          0          1626      
107        0          0          0          1626      
108        0          0          0          1626      
109        0          0          0          1626      
110        0          0          0          1626      
111        0          0          0          1626      
112        0          0          0          1626      
113        0          0          0          1626      
114        0          0          0          1626      
115        0          0          0          1626      
116        0          0          0          1626      
117        0          0          0          1626      
118        0          0          0          1626      
119        0          0          0          1626      
120        0          0          0          1626      
121        0          0          0          1626      
122        0          0          0          1626      
123        0          0          0          1626      
124        0          0          0          1626      
125        0          0          0          1626      
126        0          0          0          1626      
127        0          0          0          1626      



Semaphore Array semid=65537
uid=0	 gid=0	 cuid=0	 cgid=0
mode=0, access_perms=0
nsems = 1
otime = Thu Nov 17 12:50:12 2022  
ctime = Thu Jan  1 00:00:51 1970  
semnum     value      ncount     zcount     pid       
0          1          0          0          1634      



Semaphore Array semid=163842
uid=98	 gid=98	 cuid=0	 cgid=0
mode=0600, access_perms=0600
nsems = 1
otime = Thu Nov 17 12:50:06 2022  
ctime = Fri Jan  7 11:05:02 2022  
semnum     value      ncount     zcount     pid       
0          0          2          0          18109     



Semaphore Array semid=131075
uid=98	 gid=98	 cuid=0	 cgid=0
mode=0600, access_perms=0600
nsems = 1
otime = Thu Nov 17 12:50:06 2022  
ctime = Fri Jan  7 11:05:02 2022  
semnum     value      ncount     zcount     pid       
0          1          0          0          17781     


