offset 00 01 02 03 04 05 06 07 08 09 0A 0B 0C 0D 0E 0F
------------------------------------------------------
0000:  33 AA 00 00 21 03 16 0A 02 15 02 00 17 00 00 00 
0010:  80 00 80 00 00 00 00 00 00 00 00 00 00 00 00 00 
0020:  00 00 00 00 00 00 00 00 00 00 00 00 00 00 00 00 
0030:  00 00 00 00 00 00 00 00 00 00 00 00 00 00 00 00 
0040:  0C 10 C0 89 00 00 00 00 00 00 00 00 00 00 00 00 
0050:  00 00 00 00 1C C2 32 00 00 00 00 00 00 00 00 75 
0060:  18 00 10 80 80 00 00 00 00 00 00 00 00 00 00 00 
0070:  00 00 00 00 00 00 00 00 00 00 00 00 00 00 00 00 
0080:  00 00 00 00 00 00 00 F1 00 10 00 00 00 00 00 00 
0090:  F0 00 00 00 00 00 75 FF 00 8A 99 FF FF FF FF FF 
00A0:  FF FF 00 00 FE 88 00 00 00 00 00 00 00 00 00 00 
00B0:  00 00 00 00 00 00 00 00 00 00 00 00 00 00 00 00 
00C0:  00 00 00 00 05 C0 30 00 00 00 00 00 00 00 00 00 
00D0:  00 00 00 00 00 00 00 00 00 76 3F 06 00 00 00 00 
00E0:  00 00 00 03 90 00 00 00 00 00 00 00 00 00 00 00 
00F0:  00 00 00 00 00 00 00 00 00 04 00 00 0E 00 00 00 
0100:  00 00 00 00 00 00 00 00 00 17 52 0C 00 00 00 00 
0110:  00 00 00 00 00 00 00 00 00 00 03 00 01 00 00 00 
0120:  00 00 00 00 00 00 00 00 00 00 00 00 00 00 00 00 
0130:  00 00 00 00 00 00 00 00 00 00 00 00 00 00 00 00 
0140:  00 00 00 00 00 00 00 00 00 00 00 00 00 00 00 00 
0150:  00 00 00 00 00 00 00 00 00 00 00 00 00 00 00 00 
0160:  00 00 00 00 00 00 00 00 00 00 00 00 00 00 00 00 
0170:  00 00 00 00 00 00 00 00 00 00 00 00 00 00 00 00 
0180:  00 00 00 00 00 00 00 00 00 00 00 00 00 00 00 00 
0190:  00 00 00 00 00 00 00 00 00 00 00 00 00 00 00 00 
01A0:  00 00 00 00 00 00 00 00 00 00 00 00 00 00 00 00 
01B0:  00 00 00 00 00 00 00 00 00 00 00 00 00 00 00 00 
01C0:  00 00 00 00 00 00 00 00 00 00 00 00 00 00 00 00 
01D0:  00 00 00 00 00 00 00 00 00 00 00 00 00 00 00 00 
01E0:  00 00 00 00 00 00 00 00 00 00 00 00 00 00 00 00 
01F0:  00 00 00 00 00 00 00 00 00 00 00 00 00 00 00 00 
0200:  00 00 00 00 00 00 00 00 00 00 00 00 00 00 00 00 
0210:  00 00 00 00 00 00 00 00 00 00 00 00 00 00 00 00 
0220:  00 00 00 00 00 00 00 00 00 00 00 00 00 00 00 00 
0230:  00 00 00 00 00 00 00 00 00 00 00 00 00 00 00 00 
0240:  00 00 00 00 00 00 00 00 00 00 00 00 00 00 00 00 
0250:  00 00 7F 00 00 00 00 00 00 00 00 00 00 00 00 00 
0260:  00 00 00 00 00 00 00 00 00 00 7F 00 00 00 00 00 
0270:  00 00 00 00 00 00 00 00 00 00 00 00 00 00 00 00 
0280:  00 00 00 0F 10 00 00 00 00 00 00 00 00 00 00 00 
0290:  00 00 00 00 00 00 00 00 00 00 00 0F 10 00 00 00 
02A0:  00 00 00 00 00 00 00 00 00 00 00 00 00 00 00 00 
02B0:  00 00 00 00 00 00 00 00 00 00 00 00 00 00 00 00 
02C0:  00 00 00 00 00 00 00 00 00 00 00 00 00 00 00 00 
02D0:  00 00 00 00 00 00 00 00 00 00 00 00 00 00 00 00 
02E0:  00 00 00 00 00 00 00 00 00 00 00 00 00 00 00 00 
02F0:  00 00 00 00 00 00 00 00 00 00 00 00 00 00 00 00 
0300:  00 00 00 00 00 00 00 00 00 00 00 00 00 00 00 00 
0310:  00 00 00 00 00 00 00 00 00 00 95 01 00 00 00 00 
0320:  00 FF 95 01 00 00 00 00 00 FF 00 00 00 00 00 00 
0330:  00 00 00 00 00 00 00 00 00 00 00 00 00 00 00 00 
0340:  00 00 00 00 00 00 00 00 00 00 00 00 00 00 00 00 
0350:  00 00 00 00 00 00 00 00 00 00 00 00 00 00 00 00 
0360:  00 00 00 00 00 00 00 00 00 00 00 00 00 00 00 00 
0370:  00 00 00 00 00 00 00 00 00 00 00 00 00 00 00 00 
0380:  00 00 00 00 00 00 00 00 00 00 00 00 00 00 00 00 
0390:  00 00 00 00 00 00 00 00 00 00 00 00 00 00 00 00 
03A0:  00 00 00 00 00 00 00 00 00 00 00 00 00 00 00 00 
03B0:  00 00 00 00 00 00 00 00 00 00 00 00 00 00 00 00 
03C0:  00 00 00 00 00 00 00 00 00 00 00 00 00 00 00 00 
03D0:  00 00 00 00 00 00 00 00 00 00 00 00 00 00 00 00 
03E0:  00 00 00 00 00 00 00 00 00 00 00 00 2E 00 00 00 
03F0:  00 00 00 00 00 00 00 00 00 00 00 00 00 00 00 00 
