1668689193
0
1008
330
372
360
348
348
348
342
366
372
348
348
360
354
366
372
354
354
354
342
384
378
360
342
354
348
348
360
336
324
330
318
318
342
306
306
306
300
354
330
306
306
300
300
306
342
312
300
306
300
312
330
300
300
306
312
318
330
300
324
306
312
318
324
300
300
306
294
312
330
306
300
306
324
390
354
360
360
354
360
366
366
336
336
318
324
318
336
318
312
306
306
408
336
318
306
318
306
342
336
324
318
318
306
318
330
312
306
336
324
354
366
342
342
342
330
366
354
342
348
342
348
372
372
342
348
360
348
384
378
348
348
342
336
372
360
336
342
330
330
354
372
324
336
330
330
348
360
342
336
336
336
348
348
336
330
330
336
360
354
336
336
336
330
348
336
330
342
342
342
336
372
324
324
312
312
312
324
306
306
306
300
330
336
306
306
306
300
312
336
300
300
300
300
306
336
300
306
306
306
318
324
306
318
306
300
318
318
300
300
300
300
324
336
306
306
318
306
366
348
366
330
342
342
342
360
330
324
324
324
324
330
306
306
306
306
402
324
306
312
318
306
330
330
324
312
312
306
306
324
306
306
318
312
336
354
324
330
330
336
354
348
336
318
324
318
348
354
324
318
330
324
354
354
324
330
336
330
360
348
330
318
330
312
348
342
324
312
324
324
348
342
318
324
324
324
354
342
318
318
318
324
342
348
324
312
312
318
336
324
300
306
306
300
318
336
300
300
300
294
306
324
300
300
300
306
330
336
300
294
306
300
306
336
306
306
306
300
306
330
306
300
306
306
330
318
306
306
306
300
318
318
306
300
312
300
318
324
312
306
312
312
360
354
342
318
324
330
342
360
330
324
324
318
318
348
330
318
312
306
390
324
312
318
312
312
324
330
312
312
324
306
306
330
312
306
312
300
306
318
312
300
306
306
336
324
306
306
306
300
336
324
306
300
306
306
336
318
306
306
306
306
330
324
312
306
300
300
336
324
306
300
306
306
330
318
300
306
306
300
336
330
312
306
306
300
336
312
300
306
300
306
324
324
300
300
306
306
312
330
306
300
306
300
300
324
306
306
306
306
312
330
306
306
306
306
306
318
306
300
306
306
306
324
312
300
306
306
324
324
312
324
300
306
312
318
306
300
306
306
306
336
306
324
336
324
360
342
324
324
330
330
336
354
330
324
318
306
306
330
318
306
306
312
414
324
324
312
318
306
330
342
330
306
312
318
306
312
324
336
330
336
330
342
330
330
348
330
354
354
348
330
336
336
360
348
336
342
336
330
354
366
342
336
336
336
354
348
324
318
324
324
330
336
324
330
336
336
360
354
342
348
336
342
354
354
336
336
336
342
348
336
336
324
342
330
360
348
330
336
336
336
336
342
330
330
336
306
306
318
294
300
300
300
342
324
300
294
300
300
300
318
306
300
300
294
300
324
294
294
300
306
318
330
306
318
306
300
312
324
306
294
294
294
306
342
318
300
306
306
378
348
336
330
336
336
330
342
318
318
312
306
312
318
306
300
300
294
396
318
306
300
306
294
318
336
318
294
306
294
306
306
306
306
324
312
330
342
336
330
336
318
354
336
336
342
336
324
360
348
330
336
324
324
360
348
324
336
336
330
342
330
306
306
306
318
336
324
324
318
312
312
348
318
324
324
336
324
348
360
330
330
336
324
342
330
324
330
330
324
342
336
324
324
330
330
336
342
324
318
318
306
306
324
294
294
294
294
324
306
300
294
294
294
294
318
306
294
300
300
294
312
306
294
300
294
312
306
294
312
294
294
306
306
294
294
300
294
306
330
306
318
318
306
360
336
318
294
294
294
294
318
294
294
294
294
294
306
300
294
300
294
396
318
306
294
306
306
318
324
312
306
312
312
312
312
306
306
312
324
330
348
336
336
330
324
348
324
342
336
330
330
354
336
330
318
324
330
354
336
324
330
330
324
348
336
330
312
318
312
330
324
324
318
324
336
348
336
324
330
324
324
342
348
330
318
324
324
330
336
318
318
324
318
330
342
324
336
330
330
324
342
318
312
312
318
312
312
300
294
294
294
324
318
300
294
294
294
294
312
300
294
294
300
294
318
300
294
294
294
306
318
306
318
294
294
312
318
300
306
300
294
312
318
300
300
294
294
366
324
330
336
342
342
336
354
324
318
312
312
300
324
294
300
300
294
378
318
300
300
300
300
312
318
318
306
306
306
306
312
306
306
336
330
330
342
324
330
330
324
354
336
330
330
318
330
330
330
324
330
318
324
348
336
330
324
318
324
348
330
306
312
312
312
330
342
312
318
318
